91
Database(2) 2.2021 5.2021 62900 64 6
Olymp(1) 9.2020 1.2021 95200 102 9
Database(1) 2.2021 5.2021 14800 12 1
Games(2) 7.2021 11.2021 61400 169 15
Olymp(2) 12.2021 12.2023 92200 169 15
Python(2) 12.2021 12.2023 59600 104 9
Games(1) 9.2020 1.2021 61600 64 6
Scratch(1) 9.2020 1.2021 49700 108 9
Camp(Winter) 12.2021 12.2023 66400 153 13
C/C++(2) 9.2020 1.2021 48000 158 14
Camp(Winter) 1.2024 1.2024 15900 59 5
Kumir(1) 7.2021 11.2021 69800 79 7
Python(1) 7.2021 11.2021 19500 98 9
Java(1) 7.2021 11.2021 54600 159 14
Camp(Summer) 9.2020 1.2021 40600 64 6
Scratch(2) 7.2021 11.2021 66400 167 14
Olymp(1) 2.2021 5.2021 83700 41 4
Java(2) 12.2021 12.2023 2000 185 16
EGE 1.2024 1.2024 73600 20 2
EGE 2.2021 5.2021 57600 182 16
Scratch(2) 9.2020 1.2021 72600 45 4
Olymp(1) 12.2021 12.2023 32700 92 8
Python(2) 2.2021 5.2021 13900 100 9
Arduino(2) 2.2021 5.2021 27400 42 4
Database(2) 12.2021 12.2023 24600 44 4
EGE 9.2020 1.2021 5100 195 17
Olymp(2) 2.2021 5.2021 72300 5 1
Arduino(2) 9.2020 1.2021 70500 105 9
Games(1) 12.2021 12.2023 18000 64 6
Java(1) 12.2021 12.2023 2900 158 14
Games(2) 12.2021 12.2023 36900 66 6
EGE 7.2021 11.2021 56700 64 6
Java(1) 2.2021 5.2021 76300 169 15
Scratch(1) 2.2021 5.2021 24600 147 13
Camp(Winter) 7.2021 11.2021 51100 89 8
Games(2) 9.2020 1.2021 82300 33 3
Database(2) 7.2021 11.2021 21600 127 11
Arduino(1) 7.2021 11.2021 91100 39 4
Games(1) 7.2021 11.2021 84100 15 2
C/C++(1) 7.2021 11.2021 48000 84 7
Arduino(1) 12.2021 12.2023 95000 189 16
Games(1) 2.2021 5.2021 47000 179 15
Camp(Winter) 2.2021 5.2021 32600 127 11
Scratch(2) 2.2021 5.2021 73000 129 11
C/C++(1) 9.2020 1.2021 10700 61 6
Camp(Winter) 9.2020 1.2021 5700 99 9
C/C++(2) 2.2021 5.2021 93300 47 4
Java(2) 9.2020 1.2021 32000 156 13
Olymp(2) 7.2021 11.2021 71000 54 5
C/C++(2) 7.2021 11.2021 12000 185 16
OGE 9.2020 1.2021 44600 142 12
Python(1) 12.2021 12.2023 91600 136 12
Kumir(2) 9.2020 1.2021 36000 193 17
Python(1) 2.2021 5.2021 90300 49 5
OGE 1.2024 1.2024 68100 151 13
Java(1) 9.2020 1.2021 93900 54 5
Java(2) 7.2021 11.2021 99600 42 4
Scratch(2) 12.2021 12.2023 42800 194 17
Arduino(1) 2.2021 5.2021 68900 94 8
Arduino(2) 12.2021 12.2023 58100 170 15
Arduino(1) 9.2020 1.2021 50700 78 7
Olymp(2) 9.2020 1.2021 43300 150 13
Database(1) 9.2020 1.2021 14600 73 7
OGE 12.2021 12.2023 3900 117 10
Kumir(1) 12.2021 12.2023 71500 33 3
Scratch(1) 12.2021 12.2023 7700 61 6
Python(2) 9.2020 1.2021 60100 102 9
Scratch(1) 7.2021 11.2021 64700 140 12
Camp(Summer) 12.2021 12.2023 64400 158 14
EGE 12.2021 12.2023 40700 15 2
Java(2) 2.2021 5.2021 26100 99 9
C/C++(1) 2.2021 5.2021 33200 29 3
C/C++(1) 12.2021 12.2023 43500 38 4
OGE 2.2021 5.2021 71100 195 17
Kumir(1) 9.2020 1.2021 56900 165 14
Python(2) 7.2021 11.2021 35200 24 2
Database(2) 9.2020 1.2021 94800 102 9
OGE 7.2021 11.2021 86700 76 7
Camp(Summer) 2.2021 5.2021 28800 194 17
Database(1) 7.2021 11.2021 36200 191 16
Kumir(2) 2.2021 5.2021 52700 33 3
Kumir(2) 7.2021 11.2021 22600 182 16
Olymp(1) 7.2021 11.2021 25100 174 15
Kumir(2) 12.2021 12.2023 50700 66 6
Python(1) 9.2020 1.2021 73000 51 5
C/C++(2) 12.2021 12.2023 34100 3 1
Database(1) 12.2021 12.2023 89600 118 10
Games(2) 2.2021 5.2021 16700 184 16
Kumir(1) 2.2021 5.2021 93700 140 12
Arduino(2) 7.2021 11.2021 49800 56 5
Camp(Summer) 7.2021 11.2021 86800 149 13
